GAME_ID,EVENTNUM,EVENTMSGTYPE,EVENTMSGACTIONTYPE,PERIOD,WCTIMESTRING,PCTIMESTRING,HOMEDESCRIPTION,NEUTRALDESCRIPTION,VISITORDESCRIPTION,SCORE,SCOREMARGIN,PERSON1TYPE,PLAYER1_ID,PLAYER1_NAME,PLAYER1_TEAM_ID,PLAYER1_TEAM_CITY,PLAYER1_TEAM_NICKNAME,PLAYER1_TEAM_ABBREVIATION,PERSON2TYPE,PLAYER2_ID,PLAYER2_NAME,PLAYER2_TEAM_ID,PLAYER2_TEAM_CITY,PLAYER2_TEAM_NICKNAME,PLAYER2_TEAM_ABBREVIATION,PERSON3TYPE,PLAYER3_ID,PLAYER3_NAME,PLAYER3_TEAM_ID,PLAYER3_TEAM_CITY,PLAYER3_TEAM_NICKNAME,PLAYER3_TEAM_ABBREVIATION,VIDEO_AVAILABLE_FLAG
2022200400,2,12,0,1,8:05 PM,12:00,,Start of 1st Period (8:05 PM EST),,,,0,0,,,,,,0,0,,,,,,0,0,,,,,,0
2022200400,4,10,0,1,8:05 PM,12:00,Jump Ball Faried vs. Simonovic: Tip to Thompson,,,,,4,202702,Kenneth Faried,1612709931.0,Mexico City,Capitanes,MXC,5,1630250,Marko Simonovic,1612709923.0,Windy City,Bulls,WCB,5,1630679,Ethan Thompson,1612709923.0,Windy City,Bulls,WCB,0
2022200400,7,5,2,1,8:05 PM,11:43,Perez STEAL (1 STL),,Simonovic Lost Ball Turnover (P1.T1),,,5,1630250,Marko Simonovic,1612709923.0,Windy City,Bulls,WCB,4,1631358,Jassel Perez,1612709931.0,Mexico City,Capitanes,MXC,0,0,,,,,,0
2022200400,9,2,5,1,8:06 PM,11:24,MISS Faried 2' Layup,,,,,4,202702,Kenneth Faried,1612709931.0,Mexico City,Capitanes,MXC,0,0,,,,,,0,0,,,,,,0
2022200400,10,4,0,1,8:06 PM,11:22,,,Thompson REBOUND (Off:0 Def:1),,,5,1630679,Ethan Thompson,1612709923.0,Windy City,Bulls,WCB,0,0,,,,,,0,0,,,,,,0
2022200400,11,2,1,1,8:06 PM,11:09,,,MISS Simonovic 26' 3PT Jump Shot,,,5,1630250,Marko Simonovic,1612709923.0,Windy City,Bulls,WCB,0,0,,,,,,0,0,,,,,,0
2022200400,12,4,0,1,8:06 PM,11:07,Clark REBOUND (Off:0 Def:1),,,,,4,1629109,Gary Clark,1612709931.0,Mexico City,Capitanes,MXC,0,0,,,,,,0,0,,,,,,0
2022200400,13,5,11,1,8:06 PM,10:43,CAPITANES Turnover: Shot Clock (T#1),,,,,2,1612709931,,,,,,0,0,,,,,,1,0,,,,,,0
2022200400,14,2,6,1,8:07 PM,10:29,,,MISS Thompson 2' Driving Layup,,,5,1630679,Ethan Thompson,1612709923.0,Windy City,Bulls,WCB,0,0,,,,,,0,0,,,,,,0
2022200400,15,4,0,1,8:07 PM,10:27,Faried REBOUND (Off:0 Def:1),,,,,4,202702,Kenneth Faried,1612709931.0,Mexico City,Capitanes,MXC,0,0,,,,,,0,0,,,,,,0
2022200400,16,5,1,1,8:07 PM,10:13,Faried Bad Pass Turnover (P1.T2),,Thompson STEAL (1 STL),,,4,202702,Kenneth Faried,1612709931.0,Mexico City,Capitanes,MXC,5,1630679,Ethan Thompson,1612709923.0,Windy City,Bulls,WCB,0,0,,,,,,0
2022200400,18,2,1,1,8:08 PM,9:51,,,MISS Wheeler 15' Jump Shot,,,5,1631290,Aaron Wheeler,1612709923.0,Windy City,Bulls,WCB,0,0,,,,,,0,0,,,,,,0
2022200400,19,4,0,1,8:08 PM,9:49,Perez REBOUND (Off:0 Def:1),,,,,4,1631358,Jassel Perez,1612709931.0,Mexico City,Capitanes,MXC,0,0,,,,,,0,0,,,,,,0
2022200400,20,5,45,1,8:08 PM,9:41,Clark Out of Bounds - Bad Pass Turnover Turnover (P1.T3),,,,,4,1629109,Gary Clark,1612709931.0,Mexico City,Capitanes,MXC,0,0,,,,,,1,0,,,,,,0
2022200400,21,2,1,1,8:08 PM,9:22,,,MISS Thompson 10' Jump Shot,,,5,1630679,Ethan Thompson,1612709923.0,Windy City,Bulls,WCB,0,0,,,,,,0,0,,,,,,0
2022200400,22,4,0,1,8:08 PM,9:19,,,Wheeler REBOUND (Off:1 Def:0),,,5,1631290,Aaron Wheeler,1612709923.0,Windy City,Bulls,WCB,0,0,,,,,,0,0,,,,,,0
2022200400,23,1,97,1,8:08 PM,9:19,,,Wheeler Tip Layup Shot (2 PTS),2 - 0,-2,5,1631290,Aaron Wheeler,1612709923.0,Windy City,Bulls,WCB,0,0,,,,,,0,0,,,,,,0
2022200400,24,2,1,1,8:09 PM,9:11,MISS Clark 26' 3PT Jump Shot,,,,,4,1629109,Gary Clark,1612709931.0,Mexico City,Capitanes,MXC,0,0,,,,,,0,0,,,,,,0
2022200400,25,4,0,1,8:09 PM,9:09,,,Drell REBOUND (Off:0 Def:1),,,5,1630929,Henri Drell,1612709923.0,Windy City,Bulls,WCB,0,0,,,,,,0,0,,,,,,0
2022200400,26,1,6,1,8:09 PM,9:04,,,Drell 1' Driving Layup (2 PTS),4 - 0,-4,5,1630929,Henri Drell,1612709923.0,Windy City,Bulls,WCB,0,0,,,,,,0,0,,,,,,0
2022200400,27,6,2,1,8:09 PM,8:47,,,Drell S.FOUL (P1.T1),,,5,1630929,Henri Drell,1612709923.0,Windy City,Bulls,WCB,4,202702,Kenneth Faried,1612709931.0,Mexico City,Capitanes,MXC,1,0,,,,,,0
2022200400,29,3,31,1,8:10 PM,8:47,MISS Faried Free Throw 2PT,,,,,4,202702,Kenneth Faried,1612709931.0,Mexico City,Capitanes,MXC,0,0,,,,,,0,0,,,,,,0
2022200400,30,4,0,1,8:10 PM,8:45,,,Simonovic REBOUND (Off:0 Def:1),,,5,1630250,Marko Simonovic,1612709923.0,Windy City,Bulls,WCB,0,0,,,,,,0,0,,,,,,0
2022200400,31,1,1,1,8:10 PM,8:40,,,Thompson 26' 3PT Jump Shot (3 PTS) (Jones 1 AST),7 - 0,-7,5,1630679,Ethan Thompson,1612709923.0,Windy City,Bulls,WCB,5,1626272,Lazeric Jones,1612709923.0,Windy City,Bulls,WCB,0,0,,,,,,0
2022200400,33,1,1,1,8:10 PM,8:18,Minaya 26' 3PT Jump Shot (3 PTS) (Mays 1 AST),,,7 - 3,-4,4,1631303,Justin Minaya,1612709931.0,Mexico City,Capitanes,MXC,4,1630219,Skylar Mays,1612709931.0,Mexico City,Capitanes,MXC,0,0,,,,,,0
2022200400,35,6,1,1,8:10 PM,8:08,Clark P.FOUL (P1.T1),,,,,4,1629109,Gary Clark,1612709931.0,Mexico City,Capitanes,MXC,5,1630250,Marko Simonovic,1612709923.0,Windy City,Bulls,WCB,1,0,,,,,,0
2022200400,37,6,2,1,8:11 PM,8:00,Clark S.FOUL (P2.T2),,,,,4,1629109,Gary Clark,1612709931.0,Mexico City,Capitanes,MXC,5,1630679,Ethan Thompson,1612709923.0,Windy City,Bulls,WCB,1,0,,,,,,0
2022200400,39,1,1,1,8:12 PM,7:47,,,Wheeler 18' Jump Shot (4 PTS) (Jones 2 AST),9 - 3,-6,5,1631290,Aaron Wheeler,1612709923.0,Windy City,Bulls,WCB,5,1626272,Lazeric Jones,1612709923.0,Windy City,Bulls,WCB,0,0,,,,,,0
2022200400,41,1,5,1,8:12 PM,7:35,Faried 2' Layup (2 PTS) (Mays 2 AST),,,9 - 5,-4,4,202702,Kenneth Faried,1612709931.0,Mexico City,Capitanes,MXC,4,1630219,Skylar Mays,1612709931.0,Mexico City,Capitanes,MXC,0,0,,,,,,0
2022200400,43,6,2,1,8:12 PM,7:23,Perez S.FOUL (P1.T3),,,,,4,1631358,Jassel Perez,1612709931.0,Mexico City,Capitanes,MXC,5,1630929,Henri Drell,1612709923.0,Windy City,Bulls,WCB,1,0,,,,,,0
2022200400,45,3,31,1,8:13 PM,7:23,,,Drell Free Throw 2PT (4 PTS),11 - 5,-6,5,1630929,Henri Drell,1612709923.0,Windy City,Bulls,WCB,0,0,,,,,,0,0,,,,,,0
2022200400,46,1,1,1,8:13 PM,6:56,Clark 27' 3PT Jump Shot (3 PTS) (Mays 3 AST),,,11 - 8,-3,4,1629109,Gary Clark,1612709931.0,Mexico City,Capitanes,MXC,4,1630219,Skylar Mays,1612709931.0,Mexico City,Capitanes,MXC,0,0,,,,,,0
2022200400,48,5,2,1,8:13 PM,6:45,Perez STEAL (2 STL),,Thompson Lost Ball Turnover (P1.T2),,,5,1630679,Ethan Thompson,1612709923.0,Windy City,Bulls,WCB,4,1631358,Jassel Perez,1612709931.0,Mexico City,Capitanes,MXC,0,0,,,,,,0
2022200400,50,1,6,1,8:13 PM,6:40,Perez 2' Driving Layup (2 PTS),,,11 - 10,-1,4,1631358,Jassel Perez,1612709931.0,Mexico City,Capitanes,MXC,0,0,,,,,,0,0,,,,,,0
2022200400,51,1,1,1,8:14 PM,6:25,,,Drell 27' 3PT Jump Shot (7 PTS) (Jones 3 AST),14 - 10,-4,5,1630929,Henri Drell,1612709923.0,Windy City,Bulls,WCB,5,1626272,Lazeric Jones,1612709923.0,Windy City,Bulls,WCB,0,0,,,,,,0
2022200400,53,2,1,1,8:14 PM,6:07,MISS Perez 3PT Jump Shot,,,,,4,1631358,Jassel Perez,1612709931.0,Mexico City,Capitanes,MXC,0,0,,,,,,0,0,,,,,,0
2022200400,54,4,0,1,8:14 PM,6:05,,,Simonovic REBOUND (Off:0 Def:2),,,5,1630250,Marko Simonovic,1612709923.0,Windy City,Bulls,WCB,0,0,,,,,,0,0,,,,,,0
2022200400,55,5,2,1,8:14 PM,6:00,Mays STEAL (1 STL),,Drell Lost Ball Turnover (P1.T3),,,5,1630929,Henri Drell,1612709923.0,Windy City,Bulls,WCB,4,1630219,Skylar Mays,1612709931.0,Mexico City,Capitanes,MXC,0,0,,,,,,0
2022200400,57,1,7,1,8:14 PM,5:56,Minaya 1' Dunk (5 PTS) (Mays 4 AST),,,14 - 12,-2,4,1631303,Justin Minaya,1612709931.0,Mexico City,Capitanes,MXC,4,1630219,Skylar Mays,1612709931.0,Mexico City,Capitanes,MXC,0,0,,,,,,0
2022200400,59,5,4,1,8:15 PM,5:41,,,Simonovic Traveling Turnover (P2.T4),,,5,1630250,Marko Simonovic,1612709923.0,Windy City,Bulls,WCB,0,0,,,,,,1,0,,,,,,0
2022200400,60,9,1,1,8:15 PM,5:41,CAPITANES Timeout: Regular (Full 1 Short 0),,,,,2,1612709931,,,,,,0,0,,,,,,0,0,,,,,,0
2022200400,61,8,0,1,8:15 PM,5:41,SUB: Mendoza FOR Minaya,,,,,4,1631303,Justin Minaya,1612709931.0,Mexico City,Capitanes,MXC,4,1628150,Rigoberto Mendoza,1612709931.0,Mexico City,Capitanes,MXC,0,0,,,,,,0
2022200400,62,8,0,1,8:15 PM,5:41,SUB: McKinnie FOR Mays,,,,,4,1630219,Skylar Mays,1612709931.0,Mexico City,Capitanes,MXC,4,1628035,Alfonzo McKinnie,1612709931.0,Mexico City,Capitanes,MXC,0,0,,,,,,0
2022200400,63,8,0,1,8:15 PM,5:41,,,SUB: Pargo FOR Drell,,,5,1630929,Henri Drell,1612709923.0,Windy City,Bulls,WCB,5,202951,Jeremy Pargo,1612709923.0,Windy City,Bulls,WCB,0,0,,,,,,0
2022200400,67,2,1,1,8:17 PM,5:23,MISS McKinnie 24' 3PT Jump Shot,,,,,4,1628035,Alfonzo McKinnie,1612709931.0,Mexico City,Capitanes,MXC,0,0,,,,,,0,0,,,,,,0
2022200400,68,4,0,1,8:17 PM,5:21,,,Simonovic REBOUND (Off:0 Def:3),,,5,1630250,Marko Simonovic,1612709923.0,Windy City,Bulls,WCB,0,0,,,,,,0,0,,,,,,0
2022200400,69,1,1,1,8:17 PM,5:02,,,Simonovic 26' 3PT Jump Shot (3 PTS) (Thompson 1 AST),17 - 12,-5,5,1630250,Marko Simonovic,1612709923.0,Windy City,Bulls,WCB,5,1630679,Ethan Thompson,1612709923.0,Windy City,Bulls,WCB,0,0,,,,,,0
2022200400,71,2,5,1,8:18 PM,4:47,MISS Faried 7' Layup,,Jones BLOCK (1 BLK),,,4,202702,Kenneth Faried,1612709931.0,Mexico City,Capitanes,MXC,0,0,,,,,,5,1626272,Lazeric Jones,1612709923.0,Windy City,Bulls,WCB,0
2022200400,73,4,0,1,8:18 PM,4:47,CAPITANES Rebound,,,,,2,1612709931,,,,,,0,0,,,,,,0,0,,,,,,0
2022200400,74,8,0,1,8:18 PM,4:47,SUB: Labissiere FOR Faried,,,,,4,202702,Kenneth Faried,1612709931.0,Mexico City,Capitanes,MXC,4,1627746,Skal Labissiere,1612709931.0,Mexico City,Capitanes,MXC,0,0,,,,,,0
2022200400,75,8,0,1,8:18 PM,4:47,,,SUB: Oturu FOR Simonovic,,,5,1630250,Marko Simonovic,1612709923.0,Windy City,Bulls,WCB,5,1630187,Daniel Oturu,1612709923.0,Windy City,Bulls,WCB,0,0,,,,,,0
2022200400,78,2,1,1,8:18 PM,4:36,MISS Clark 26' 3PT Jump Shot,,,,,4,1629109,Gary Clark,1612709931.0,Mexico City,Capitanes,MXC,0,0,,,,,,0,0,,,,,,0
2022200400,79,4,0,1,8:18 PM,4:36,,,Bulls Rebound,,,3,1612709923,,,,,,0,0,,,,,,0,0,,,,,,0
2022200400,80,2,6,1,8:19 PM,4:23,Labissiere BLOCK (1 BLK),,MISS Thompson 3' Driving Layup,,,5,1630679,Ethan Thompson,1612709923.0,Windy City,Bulls,WCB,0,0,,,,,,4,1627746,Skal Labissiere,1612709931.0,Mexico City,Capitanes,MXC,0
2022200400,82,4,0,1,8:19 PM,4:23,,,Bulls Rebound,,,3,1612709923,,,,,,0,0,,,,,,0,0,,,,,,0
2022200400,83,2,63,1,8:19 PM,4:11,,,MISS Oturu 10' Fadeaway Jumper,,,5,1630187,Daniel Oturu,1612709923.0,Windy City,Bulls,WCB,0,0,,,,,,0,0,,,,,,0
2022200400,84,4,0,1,8:19 PM,4:09,McKinnie REBOUND (Off:0 Def:1),,,,,4,1628035,Alfonzo McKinnie,1612709931.0,Mexico City,Capitanes,MXC,0,0,,,,,,0,0,,,,,,0
2022200400,85,2,1,1,8:19 PM,4:02,MISS Mendoza 26' 3PT Jump Shot,,,,,4,1628150,Rigoberto Mendoza,1612709931.0,Mexico City,Capitanes,MXC,0,0,,,,,,0,0,,,,,,0
2022200400,86,4,0,1,8:19 PM,3:59,,,Oturu REBOUND (Off:0 Def:1),,,5,1630187,Daniel Oturu,1612709923.0,Windy City,Bulls,WCB,0,0,,,,,,0,0,,,,,,0
2022200400,87,6,2,1,8:19 PM,3:56,McKinnie S.FOUL (P1.T4),,,,,4,1628035,Alfonzo McKinnie,1612709931.0,Mexico City,Capitanes,MXC,5,1630187,Daniel Oturu,1612709923.0,Windy City,Bulls,WCB,1,0,,,,,,0
2022200400,89,8,0,1,8:20 PM,3:56,SUB: Minaya FOR Clark,,,,,4,1629109,Gary Clark,1612709931.0,Mexico City,Capitanes,MXC,4,1631303,Justin Minaya,1612709931.0,Mexico City,Capitanes,MXC,0,0,,,,,,0
2022200400,90,8,0,1,8:20 PM,3:56,SUB: Bonilla FOR Perez,,,,,4,1631358,Jassel Perez,1612709931.0,Mexico City,Capitanes,MXC,4,1641566,Gael Bonilla,1612709931.0,Mexico City,Capitanes,MXC,0,0,,,,,,0
2022200400,91,8,0,1,8:20 PM,3:56,,,SUB: Coupet Jr. FOR Wheeler,,,5,1631290,Aaron Wheeler,1612709923.0,Windy City,Bulls,WCB,5,1631408,Ben Coupet Jr.,1612709923.0,Windy City,Bulls,WCB,0,0,,,,,,0
2022200400,92,8,0,1,8:20 PM,3:56,,,SUB: Drell FOR Jones,,,5,1626272,Lazeric Jones,1612709923.0,Windy City,Bulls,WCB,5,1630929,Henri Drell,1612709923.0,Windy City,Bulls,WCB,0,0,,,,,,0
2022200400,97,3,31,1,8:20 PM,3:56,,,MISS Oturu Free Throw 2PT,,,5,1630187,Daniel Oturu,1612709923.0,Windy City,Bulls,WCB,0,0,,,,,,0,0,,,,,,0
2022200400,98,4,0,1,8:20 PM,3:52,,,Oturu REBOUND (Off:1 Def:1),,,5,1630187,Daniel Oturu,1612709923.0,Windy City,Bulls,WCB,0,0,,,,,,0,0,,,,,,0
2022200400,99,2,1,1,8:20 PM,3:51,,,MISS Drell 28' 3PT Jump Shot,,,5,1630929,Henri Drell,1612709923.0,Windy City,Bulls,WCB,0,0,,,,,,0,0,,,,,,0
2022200400,100,4,0,1,8:20 PM,3:49,,,Bulls Rebound,,,3,1612709923,,,,,,0,0,,,,,,0,0,,,,,,0
2022200400,101,2,5,1,8:21 PM,3:39,,,MISS Oturu 4' Layup,,,5,1630187,Daniel Oturu,1612709923.0,Windy City,Bulls,WCB,0,0,,,,,,0,0,,,,,,0
2022200400,102,4,0,1,8:21 PM,3:38,Minaya REBOUND (Off:0 Def:1),,,,,4,1631303,Justin Minaya,1612709931.0,Mexico City,Capitanes,MXC,0,0,,,,,,0,0,,,,,,0
2022200400,103,6,2,1,8:21 PM,3:22,,,Oturu S.FOUL (P1.T2),,,5,1630187,Daniel Oturu,1612709923.0,Windy City,Bulls,WCB,4,1631303,Justin Minaya,1612709931.0,Mexico City,Capitanes,MXC,1,0,,,,,,0
2022200400,105,3,31,1,8:22 PM,3:22,MISS Minaya Free Throw 2PT,,,,,4,1631303,Justin Minaya,1612709931.0,Mexico City,Capitanes,MXC,0,0,,,,,,0,0,,,,,,0
2022200400,106,4,0,1,8:22 PM,3:20,,,Oturu REBOUND (Off:1 Def:2),,,5,1630187,Daniel Oturu,1612709923.0,Windy City,Bulls,WCB,0,0,,,,,,0,0,,,,,,0
2022200400,107,2,3,1,8:22 PM,2:59,Labissiere BLOCK (2 BLK),,MISS Oturu 3' Hook Shot,,,5,1630187,Daniel Oturu,1612709923.0,Windy City,Bulls,WCB,0,0,,,,,,4,1627746,Skal Labissiere,1612709931.0,Mexico City,Capitanes,MXC,0
2022200400,109,4,0,1,8:22 PM,2:57,Bonilla REBOUND (Off:0 Def:1),,,,,4,1641566,Gael Bonilla,1612709931.0,Mexico City,Capitanes,MXC,0,0,,,,,,0,0,,,,,,0
2022200400,110,1,1,1,8:22 PM,2:41,Minaya 27' 3PT Jump Shot (8 PTS) (Mendoza 1 AST),,,17 - 15,-2,4,1631303,Justin Minaya,1612709931.0,Mexico City,Capitanes,MXC,4,1628150,Rigoberto Mendoza,1612709931.0,Mexico City,Capitanes,MXC,0,0,,,,,,0
2022200400,112,6,1,1,8:23 PM,2:24,Minaya P.FOUL (P1.PN),,,,,4,1631303,Justin Minaya,1612709931.0,Mexico City,Capitanes,MXC,5,1630929,Henri Drell,1612709923.0,Windy City,Bulls,WCB,1,0,,,,,,0
2022200400,114,9,1,1,8:23 PM,2:24,,,Bulls Timeout: Regular (Reg.1 Short 0),,,3,1612709923,,,,,,0,0,,,,,,0,0,,,,,,0
2022200400,115,3,31,1,8:25 PM,2:24,,,Drell Free Throw 2PT (9 PTS),19 - 15,-4,5,1630929,Henri Drell,1612709923.0,Windy City,Bulls,WCB,0,0,,,,,,0,0,,,,,,0
2022200400,116,2,6,1,8:26 PM,1:59,MISS Mendoza 2' Driving Layup,,,,,4,1628150,Rigoberto Mendoza,1612709931.0,Mexico City,Capitanes,MXC,0,0,,,,,,0,0,,,,,,0
2022200400,117,4,0,1,8:26 PM,1:57,,,Oturu REBOUND (Off:1 Def:3),,,5,1630187,Daniel Oturu,1612709923.0,Windy City,Bulls,WCB,0,0,,,,,,0,0,,,,,,0
2022200400,118,2,1,1,8:26 PM,1:45,,,MISS Pargo 26' 3PT Jump Shot,,,5,202951,Jeremy Pargo,1612709923.0,Windy City,Bulls,WCB,0,0,,,,,,0,0,,,,,,0
2022200400,119,4,0,1,8:26 PM,1:43,,,Oturu REBOUND (Off:2 Def:3),,,5,1630187,Daniel Oturu,1612709923.0,Windy City,Bulls,WCB,0,0,,,,,,0,0,,,,,,0
2022200400,120,2,5,1,8:26 PM,1:43,,,MISS Oturu 1' Layup,,,5,1630187,Daniel Oturu,1612709923.0,Windy City,Bulls,WCB,0,0,,,,,,0,0,,,,,,0
2022200400,121,4,0,1,8:26 PM,1:43,,,Oturu REBOUND (Off:3 Def:3),,,5,1630187,Daniel Oturu,1612709923.0,Windy City,Bulls,WCB,0,0,,,,,,0,0,,,,,,0
2022200400,122,6,2,1,8:26 PM,1:43,Labissiere S.FOUL (P1.PN),,,,,4,1627746,Skal Labissiere,1612709931.0,Mexico City,Capitanes,MXC,5,1630187,Daniel Oturu,1612709923.0,Windy City,Bulls,WCB,1,0,,,,,,0
2022200400,124,3,31,1,8:26 PM,1:43,,,Oturu Free Throw 2PT (2 PTS),21 - 15,-6,5,1630187,Daniel Oturu,1612709923.0,Windy City,Bulls,WCB,0,0,,,,,,0,0,,,,,,0
2022200400,125,2,78,1,8:27 PM,1:25,MISS Bonilla 4' Floating Jump Shot,,,,,4,1641566,Gael Bonilla,1612709931.0,Mexico City,Capitanes,MXC,0,0,,,,,,0,0,,,,,,0
2022200400,126,4,0,1,8:27 PM,1:25,,,Thompson REBOUND (Off:0 Def:2),,,5,1630679,Ethan Thompson,1612709923.0,Windy City,Bulls,WCB,0,0,,,,,,0,0,,,,,,0
2022200400,128,6,1,1,8:27 PM,1:25,Bonilla P.FOUL (P1.PN),,,,,4,1641566,Gael Bonilla,1612709931.0,Mexico City,Capitanes,MXC,5,1630679,Ethan Thompson,1612709923.0,Windy City,Bulls,WCB,1,0,,,,,,0
2022200400,130,3,31,1,8:27 PM,1:25,,,Thompson Free Throw 2PT (5 PTS),23 - 15,-8,5,1630679,Ethan Thompson,1612709923.0,Windy City,Bulls,WCB,0,0,,,,,,0,0,,,,,,0
2022200400,131,2,1,1,8:27 PM,1:13,MISS Minaya 3PT Jump Shot,,,,,4,1631303,Justin Minaya,1612709931.0,Mexico City,Capitanes,MXC,0,0,,,,,,0,0,,,,,,0
2022200400,132,4,0,1,8:27 PM,1:11,,,Oturu REBOUND (Off:3 Def:4),,,5,1630187,Daniel Oturu,1612709923.0,Windy City,Bulls,WCB,0,0,,,,,,0,0,,,,,,0
2022200400,133,2,1,1,8:27 PM,1:07,,,MISS Coupet Jr. 31' 3PT Jump Shot,,,5,1631408,Ben Coupet Jr.,1612709923.0,Windy City,Bulls,WCB,0,0,,,,,,0,0,,,,,,0
2022200400,134,4,0,1,8:27 PM,1:05,McKinnie REBOUND (Off:0 Def:2),,,,,4,1628035,Alfonzo McKinnie,1612709931.0,Mexico City,Capitanes,MXC,0,0,,,,,,0,0,,,,,,0
2022200400,135,6,1,1,8:28 PM,0:59,,,Drell P.FOUL (P2.T3),,,5,1630929,Henri Drell,1612709923.0,Windy City,Bulls,WCB,4,1628035,Alfonzo McKinnie,1612709931.0,Mexico City,Capitanes,MXC,1,0,,,,,,0
2022200400,137,8,0,1,8:28 PM,0:59,,,SUB: Jones FOR Thompson,,,5,1630679,Ethan Thompson,1612709923.0,Windy City,Bulls,WCB,5,1626272,Lazeric Jones,1612709923.0,Windy City,Bulls,WCB,0,0,,,,,,0
2022200400,139,1,6,1,8:28 PM,0:51,McKinnie 2' Driving Layup (2 PTS),,,23 - 17,-6,4,1628035,Alfonzo McKinnie,1612709931.0,Mexico City,Capitanes,MXC,0,0,,,,,,0,0,,,,,,0
2022200400,140,5,1,1,8:29 PM,0:29,Minaya STEAL (1 STL),,Oturu Bad Pass Turnover (P1.T5),,,5,1630187,Daniel Oturu,1612709923.0,Windy City,Bulls,WCB,4,1631303,Justin Minaya,1612709931.0,Mexico City,Capitanes,MXC,0,0,,,,,,0
2022200400,142,1,1,1,8:29 PM,0:17,Labissiere 27' 3PT Jump Shot (3 PTS) (Mendoza 2 AST),,,23 - 20,-3,4,1627746,Skal Labissiere,1612709931.0,Mexico City,Capitanes,MXC,4,1628150,Rigoberto Mendoza,1612709931.0,Mexico City,Capitanes,MXC,0,0,,,,,,0
2022200400,145,13,0,1,8:30 PM,0:00,,End of 1st Period (8:30 PM EST),,23 - 20,-3,0,0,,,,,,0,0,,,,,,0,0,,,,,,0
2022200400,152,12,0,2,8:32 PM,12:00,,Start of 2nd Period (8:32 PM EST),,23 - 20,-3,0,0,,,,,,0,0,,,,,,0,0,,,,,,0
2022200400,153,2,1,2,8:33 PM,11:33,MISS Minaya 16' Jump Shot,,,,,4,1631303,Justin Minaya,1612709931.0,Mexico City,Capitanes,MXC,0,0,,,,,,0,0,,,,,,0
2022200400,154,4,0,2,8:33 PM,11:31,,,Oturu REBOUND (Off:3 Def:5),,,5,1630187,Daniel Oturu,1612709923.0,Windy City,Bulls,WCB,0,0,,,,,,0,0,,,,,,0
2022200400,155,2,1,2,8:33 PM,11:15,,,MISS Jones 6' Jump Shot,,,5,1626272,Lazeric Jones,1612709923.0,Windy City,Bulls,WCB,0,0,,,,,,0,0,,,,,,0
2022200400,156,4,0,2,8:33 PM,11:13,Labissiere REBOUND (Off:0 Def:1),,,,,4,1627746,Skal Labissiere,1612709931.0,Mexico City,Capitanes,MXC,0,0,,,,,,0,0,,,,,,0
2022200400,157,8,0,2,8:34 PM,11:09,,,SUB: Simonovic FOR Oturu,,,5,1630187,Daniel Oturu,1612709923.0,Windy City,Bulls,WCB,5,1630250,Marko Simonovic,1612709923.0,Windy City,Bulls,WCB,0,0,,,,,,0
2022200400,159,2,1,2,8:34 PM,10:54,MISS Clark 24' 3PT Jump Shot,,,,,4,1629109,Gary Clark,1612709931.0,Mexico City,Capitanes,MXC,0,0,,,,,,0,0,,,,,,0
2022200400,160,4,0,2,8:34 PM,10:52,,,Simonovic REBOUND (Off:0 Def:4),,,5,1630250,Marko Simonovic,1612709923.0,Windy City,Bulls,WCB,0,0,,,,,,0,0,,,,,,0
2022200400,161,1,6,2,8:34 PM,10:44,,,Coupet Jr. 2' Driving Layup (2 PTS),25 - 20,-5,5,1631408,Ben Coupet Jr.,1612709923.0,Windy City,Bulls,WCB,0,0,,,,,,0,0,,,,,,0
2022200400,162,1,73,2,8:34 PM,10:29,Clark 1' Driving Reverse Layup (5 PTS),,,25 - 22,-3,4,1629109,Gary Clark,1612709931.0,Mexico City,Capitanes,MXC,0,0,,,,,,0,0,,,,,,0
2022200400,163,2,5,2,8:35 PM,10:22,,,MISS Coupet Jr. 3' Layup,,,5,1631408,Ben Coupet Jr.,1612709923.0,Windy City,Bulls,WCB,0,0,,,,,,0,0,,,,,,0
2022200400,164,4,0,2,8:35 PM,10:20,Mendoza REBOUND (Off:0 Def:1),,,,,4,1628150,Rigoberto Mendoza,1612709931.0,Mexico City,Capitanes,MXC,0,0,,,,,,0,0,,,,,,0
2022200400,165,2,1,2,8:35 PM,10:05,MISS Mays 26' 3PT Jump Shot,,,,,4,1630219,Skylar Mays,1612709931.0,Mexico City,Capitanes,MXC,0,0,,,,,,0,0,,,,,,0
2022200400,166,4,0,2,8:35 PM,10:01,Labissiere REBOUND (Off:1 Def:1),,,,,4,1627746,Skal Labissiere,1612709931.0,Mexico City,Capitanes,MXC,0,0,,,,,,0,0,,,,,,0
2022200400,167,2,1,2,8:35 PM,9:55,MISS Labissiere 26' 3PT Jump Shot,,,,,4,1627746,Skal Labissiere,1612709931.0,Mexico City,Capitanes,MXC,0,0,,,,,,0,0,,,,,,0
2022200400,168,4,0,2,8:35 PM,9:53,,,Wheeler REBOUND (Off:1 Def:1),,,5,1631290,Aaron Wheeler,1612709923.0,Windy City,Bulls,WCB,0,0,,,,,,0,0,,,,,,0
2022200400,169,2,1,2,8:35 PM,9:38,,,MISS Pargo 14' Jump Shot,,,5,202951,Jeremy Pargo,1612709923.0,Windy City,Bulls,WCB,0,0,,,,,,0,0,,,,,,0
2022200400,170,4,0,2,8:35 PM,9:36,Labissiere REBOUND (Off:1 Def:2),,,,,4,1627746,Skal Labissiere,1612709931.0,Mexico City,Capitanes,MXC,0,0,,,,,,0,0,,,,,,0
2022200400,171,6,2,2,8:36 PM,9:27,,,Wheeler S.FOUL (P1.T1),,,5,1631290,Aaron Wheeler,1612709923.0,Windy City,Bulls,WCB,4,1629109,Gary Clark,1612709931.0,Mexico City,Capitanes,MXC,1,0,,,,,,0
2022200400,173,8,0,2,8:36 PM,9:27,SUB: Faried FOR Labissiere,,,,,4,1627746,Skal Labissiere,1612709931.0,Mexico City,Capitanes,MXC,4,202702,Kenneth Faried,1612709931.0,Mexico City,Capitanes,MXC,0,0,,,,,,0
2022200400,174,8,0,2,8:36 PM,9:27,,,SUB: Matthews FOR Jones,,,5,1626272,Lazeric Jones,1612709923.0,Windy City,Bulls,WCB,5,1629666,Charles Matthews,1612709923.0,Windy City,Bulls,WCB,0,0,,,,,,0
2022200400,177,3,31,2,8:36 PM,9:27,Clark Free Throw 2PT (7 PTS),,,25 - 24,-1,4,1629109,Gary Clark,1612709931.0,Mexico City,Capitanes,MXC,0,0,,,,,,0,0,,,,,,0
2022200400,178,2,1,2,8:36 PM,9:12,,,MISS Coupet Jr. 3PT Jump Shot,,,5,1631408,Ben Coupet Jr.,1612709923.0,Windy City,Bulls,WCB,0,0,,,,,,0,0,,,,,,0
2022200400,179,4,0,2,8:36 PM,9:09,Faried REBOUND (Off:0 Def:2),,,,,4,202702,Kenneth Faried,1612709931.0,Mexico City,Capitanes,MXC,0,0,,,,,,0,0,,,,,,0
2022200400,180,2,5,2,8:37 PM,8:59,MISS Faried 1' Layup,,Wheeler BLOCK (1 BLK),,,4,202702,Kenneth Faried,1612709931.0,Mexico City,Capitanes,MXC,0,0,,,,,,5,1631290,Aaron Wheeler,1612709923.0,Windy City,Bulls,WCB,0
2022200400,182,4,0,2,8:37 PM,8:56,,,Wheeler REBOUND (Off:1 Def:2),,,5,1631290,Aaron Wheeler,1612709923.0,Windy City,Bulls,WCB,0,0,,,,,,0,0,,,,,,0
2022200400,183,2,1,2,8:37 PM,8:52,,,MISS Pargo 25' 3PT Jump Shot,,,5,202951,Jeremy Pargo,1612709923.0,Windy City,Bulls,WCB,0,0,,,,,,0,0,,,,,,0
2022200400,184,4,0,2,8:37 PM,8:51,Faried REBOUND (Off:0 Def:3),,,,,4,202702,Kenneth Faried,1612709931.0,Mexico City,Capitanes,MXC,0,0,,,,,,0,0,,,,,,0
2022200400,185,1,5,2,8:37 PM,8:44,Minaya 2' Layup (10 PTS),,,25 - 26,1,4,1631303,Justin Minaya,1612709931.0,Mexico City,Capitanes,MXC,0,0,,,,,,0,0,,,,,,0
2022200400,186,2,3,2,8:37 PM,8:31,,,MISS Wheeler 4' Hook Shot,,,5,1631290,Aaron Wheeler,1612709923.0,Windy City,Bulls,WCB,0,0,,,,,,0,0,,,,,,0
2022200400,187,4,0,2,8:37 PM,8:29,Faried REBOUND (Off:0 Def:4),,,,,4,202702,Kenneth Faried,1612709931.0,Mexico City,Capitanes,MXC,0,0,,,,,,0,0,,,,,,0
2022200400,188,1,6,2,8:37 PM,8:06,Clark 2' Driving Layup (9 PTS),,,25 - 28,3,4,1629109,Gary Clark,1612709931.0,Mexico City,Capitanes,MXC,0,0,,,,,,0,0,,,,,,0
2022200400,189,9,1,2,8:38 PM,8:04,,,Bulls Timeout: Regular (Reg.2 Short 0),,,3,1612709923,,,,,,0,0,,,,,,0,0,,,,,,0
2022200400,203,8,0,2,8:38 PM,8:04,SUB: Perez FOR Mendoza,,,,,4,1628150,Rigoberto Mendoza,1612709931.0,Mexico City,Capitanes,MXC,4,1631358,Jassel Perez,1612709931.0,Mexico City,Capitanes,MXC,0,0,,,,,,0
2022200400,204,8,0,2,8:38 PM,8:04,,,SUB: Thompson FOR Coupet Jr.,,,5,1631408,Ben Coupet Jr.,1612709923.0,Windy City,Bulls,WCB,5,1630679,Ethan Thompson,1612709923.0,Windy City,Bulls,WCB,0,0,,,,,,0
2022200400,194,2,1,2,8:40 PM,7:47,,,MISS Thompson 26' 3PT Jump Shot,,,5,1630679,Ethan Thompson,1612709923.0,Windy City,Bulls,WCB,0,0,,,,,,0,0,,,,,,0
2022200400,207,4,0,2,8:40 PM,7:44,Clark REBOUND (Off:0 Def:2),,,,,4,1629109,Gary Clark,1612709931.0,Mexico City,Capitanes,MXC,0,0,,,,,,0,0,,,,,,0
2022200400,208,1,5,2,8:40 PM,7:41,Mays 2' Layup (2 PTS) (Clark 1 AST),,,25 - 30,5,4,1630219,Skylar Mays,1612709931.0,Mexico City,Capitanes,MXC,4,1629109,Gary Clark,1612709931.0,Mexico City,Capitanes,MXC,0,0,,,,,,0
2022200400,210,5,1,2,8:40 PM,7:21,Faried STEAL (1 STL),,Pargo Bad Pass Turnover (P1.T6),,,5,202951,Jeremy Pargo,1612709923.0,Windy City,Bulls,WCB,4,202702,Kenneth Faried,1612709931.0,Mexico City,Capitanes,MXC,0,0,,,,,,0
2022200400,213,2,1,2,8:41 PM,7:14,MISS Minaya 24' 3PT Jump Shot,,,,,4,1631303,Justin Minaya,1612709931.0,Mexico City,Capitanes,MXC,0,0,,,,,,0,0,,,,,,0
2022200400,214,4,0,2,8:41 PM,7:11,,,Thompson REBOUND (Off:0 Def:3),,,5,1630679,Ethan Thompson,1612709923.0,Windy City,Bulls,WCB,0,0,,,,,,0,0,,,,,,0
2022200400,215,2,1,2,8:41 PM,7:01,Faried BLOCK (1 BLK),,MISS Thompson 1' Jump Shot,,,5,1630679,Ethan Thompson,1612709923.0,Windy City,Bulls,WCB,0,0,,,,,,4,202702,Kenneth Faried,1612709931.0,Mexico City,Capitanes,MXC,0
2022200400,217,4,0,2,8:41 PM,6:59,Perez REBOUND (Off:0 Def:2),,,,,4,1631358,Jassel Perez,1612709931.0,Mexico City,Capitanes,MXC,0,0,,,,,,0,0,,,,,,0
2022200400,218,1,1,2,8:41 PM,6:56,Perez 27' 3PT Jump Shot (5 PTS),,,25 - 33,8,4,1631358,Jassel Perez,1612709931.0,Mexico City,Capitanes,MXC,0,0,,,,,,0,0,,,,,,0
2022200400,219,1,1,2,8:41 PM,6:39,,,Wheeler 25' 3PT Jump Shot (7 PTS) (Pargo 1 AST),28 - 33,5,5,1631290,Aaron Wheeler,1612709923.0,Windy City,Bulls,WCB,5,202951,Jeremy Pargo,1612709923.0,Windy City,Bulls,WCB,0,0,,,,,,0
2022200400,221,1,1,2,8:41 PM,6:19,Clark 26' 3PT Jump Shot (12 PTS) (Mays 5 AST),,,28 - 36,8,4,1629109,Gary Clark,1612709931.0,Mexico City,Capitanes,MXC,4,1630219,Skylar Mays,1612709931.0,Mexico City,Capitanes,MXC,0,0,,,,,,0
2022200400,223,6,2,2,8:42 PM,5:59,Faried S.FOUL (P1.T1),,,,,4,202702,Kenneth Faried,1612709931.0,Mexico City,Capitanes,MXC,5,1629666,Charles Matthews,1612709923.0,Windy City,Bulls,WCB,1,0,,,,,,0
2022200400,225,8,0,2,8:42 PM,5:59,SUB: McKinnie FOR Minaya,,,,,4,1631303,Justin Minaya,1612709931.0,Mexico City,Capitanes,MXC,4,1628035,Alfonzo McKinnie,1612709931.0,Mexico City,Capitanes,MXC,0,0,,,,,,0
2022200400,226,8,0,2,8:42 PM,5:59,,,SUB: Drell FOR Wheeler,,,5,1631290,Aaron Wheeler,1612709923.0,Windy City,Bulls,WCB,5,1630929,Henri Drell,1612709923.0,Windy City,Bulls,WCB,0,0,,,,,,0
2022200400,229,3,31,2,8:42 PM,5:59,,,Matthews Free Throw 2PT (2 PTS),30 - 36,6,5,1629666,Charles Matthews,1612709923.0,Windy City,Bulls,WCB,0,0,,,,,,0,0,,,,,,0
2022200400,230,1,9,2,8:43 PM,5:44,Mays 1' Driving Dunk (4 PTS),,,30 - 38,8,4,1630219,Skylar Mays,1612709931.0,Mexico City,Capitanes,MXC,0,0,,,,,,0,0,,,,,,0
2022200400,231,1,7,2,8:43 PM,5:37,,,Drell 1' Dunk (11 PTS) (Pargo 2 AST),32 - 38,6,5,1630929,Henri Drell,1612709923.0,Windy City,Bulls,WCB,5,202951,Jeremy Pargo,1612709923.0,Windy City,Bulls,WCB,0,0,,,,,,0
2022200400,233,1,1,2,8:43 PM,5:12,Perez 27' 3PT Jump Shot (8 PTS) (Faried 1 AST),,,32 - 41,9,4,1631358,Jassel Perez,1612709931.0,Mexico City,Capitanes,MXC,4,202702,Kenneth Faried,1612709931.0,Mexico City,Capitanes,MXC,0,0,,,,,,0
2022200400,236,6,14,2,8:43 PM,5:12,,,Thompson FLAGRANT.FOUL.TYPE1 (P1.T2),,,5,1630679,Ethan Thompson,1612709923.0,Windy City,Bulls,WCB,4,1631358,Jassel Perez,1612709931.0,Mexico City,Capitanes,MXC,1,0,,,,,,0
2022200400,240,5,37,2,8:43 PM,5:12,,,Thompson Offensive Foul Turnover (P2.T7),,,5,1630679,Ethan Thompson,1612709923.0,Windy City,Bulls,WCB,0,0,,,,,,1,0,,,,,,0
2022200400,238,18,4,2,8:44 PM,5:12,,Instant Replay2nd Period (8:44 PM EST),,32 - 41,9,0,236,Kevin Edwards,,,,,0,0,,,,,,1,0,,,,,,0
2022200400,241,8,0,2,9:11 PM,5:12,SUB: Mendoza FOR Mays,,,,,4,1630219,Skylar Mays,1612709931.0,Mexico City,Capitanes,MXC,4,1628150,Rigoberto Mendoza,1612709931.0,Mexico City,Capitanes,MXC,0,0,,,,,,0
2022200400,243,8,0,2,9:12 PM,5:12,SUB: Mays FOR Clark,,,,,4,1629109,Gary Clark,1612709931.0,Mexico City,Capitanes,MXC,4,1630219,Skylar Mays,1612709931.0,Mexico City,Capitanes,MXC,0,0,,,,,,0
2022200400,245,3,35,2,9:12 PM,5:12,Perez Free Throw Flagrant 1PT (9 PTS),,,32 - 42,10,4,1631358,Jassel Perez,1612709931.0,Mexico City,Capitanes,MXC,0,0,,,,,,0,0,,,,,,0
2022200400,246,6,2,2,9:13 PM,5:09,,,Matthews S.FOUL (P1.T3),,,5,1629666,Charles Matthews,1612709923.0,Windy City,Bulls,WCB,4,1628035,Alfonzo McKinnie,1612709931.0,Mexico City,Capitanes,MXC,1,0,,,,,,0
2022200400,248,3,31,2,9:13 PM,5:09,McKinnie Free Throw 2PT (4 PTS),,,32 - 44,12,4,1628035,Alfonzo McKinnie,1612709931.0,Mexico City,Capitanes,MXC,0,0,,,,,,0,0,,,,,,0
2022200400,249,2,6,2,9:14 PM,4:57,,,MISS Pargo 3' Driving Layup,,,5,202951,Jeremy Pargo,1612709923.0,Windy City,Bulls,WCB,0,0,,,,,,0,0,,,,,,0
2022200400,250,4,0,2,9:14 PM,4:55,Faried REBOUND (Off:0 Def:5),,,,,4,202702,Kenneth Faried,1612709931.0,Mexico City,Capitanes,MXC,0,0,,,,,,0,0,,,,,,0
2022200400,251,2,1,2,9:14 PM,4:49,MISS McKinnie 26' 3PT Jump Shot,,,,,4,1628035,Alfonzo McKinnie,1612709931.0,Mexico City,Capitanes,MXC,0,0,,,,,,0,0,,,,,,0
2022200400,252,4,0,2,9:14 PM,4:47,Mendoza REBOUND (Off:1 Def:1),,,,,4,1628150,Rigoberto Mendoza,1612709931.0,Mexico City,Capitanes,MXC,0,0,,,,,,0,0,,,,,,0
2022200400,253,1,1,2,9:14 PM,4:34,Mendoza 20' Jump Shot (2 PTS),,,32 - 46,14,4,1628150,Rigoberto Mendoza,1612709931.0,Mexico City,Capitanes,MXC,0,0,,,,,,0,0,,,,,,0
2022200400,254,1,6,2,9:14 PM,4:16,,,Thompson 1' Driving Layup (7 PTS),34 - 46,12,5,1630679,Ethan Thompson,1612709923.0,Windy City,Bulls,WCB,0,0,,,,,,0,0,,,,,,0
2022200400,255,2,1,2,9:14 PM,4:01,MISS Mendoza 25' 3PT Jump Shot,,,,,4,1628150,Rigoberto Mendoza,1612709931.0,Mexico City,Capitanes,MXC,0,0,,,,,,0,0,,,,,,0
2022200400,257,1,97,2,9:15 PM,3:57,Faried Tip Layup Shot (4 PTS),,,34 - 48,14,4,202702,Kenneth Faried,1612709931.0,Mexico City,Capitanes,MXC,0,0,,,,,,0,0,,,,,,0
2022200400,256,4,0,2,9:15 PM,3:57,Faried REBOUND (Off:1 Def:5),,,,,4,202702,Kenneth Faried,1612709931.0,Mexico City,Capitanes,MXC,0,0,,,,,,0,0,,,,,,0
2022200400,259,1,5,2,9:15 PM,3:49,,,Pargo 5' Layup (2 PTS),36 - 48,12,5,202951,Jeremy Pargo,1612709923.0,Windy City,Bulls,WCB,0,0,,,,,,0,0,,,,,,0
2022200400,260,2,3,2,9:15 PM,3:26,MISS Faried 5' Hook Shot,,,,,4,202702,Kenneth Faried,1612709931.0,Mexico City,Capitanes,MXC,0,0,,,,,,0,0,,,,,,0
2022200400,261,4,0,2,9:15 PM,3:24,,,Drell REBOUND (Off:0 Def:2),,,5,1630929,Henri Drell,1612709923.0,Windy City,Bulls,WCB,0,0,,,,,,0,0,,,,,,0
2022200400,262,2,1,2,9:15 PM,3:18,,,MISS Simonovic 26' 3PT Jump Shot,,,5,1630250,Marko Simonovic,1612709923.0,Windy City,Bulls,WCB,0,0,,,,,,0,0,,,,,,0
2022200400,263,4,0,2,9:15 PM,3:16,Faried REBOUND (Off:1 Def:6),,,,,4,202702,Kenneth Faried,1612709931.0,Mexico City,Capitanes,MXC,0,0,,,,,,0,0,,,,,,0
2022200400,264,1,1,2,9:15 PM,3:05,Perez 27' 3PT Jump Shot (12 PTS) (Mendoza 3 AST),,,36 - 51,15,4,1631358,Jassel Perez,1612709931.0,Mexico City,Capitanes,MXC,4,1628150,Rigoberto Mendoza,1612709931.0,Mexico City,Capitanes,MXC,0,0,,,,,,0
2022200400,266,1,78,2,9:16 PM,2:50,,,Pargo 10' Floating Jump Shot (4 PTS),38 - 51,13,5,202951,Jeremy Pargo,1612709923.0,Windy City,Bulls,WCB,0,0,,,,,,0,0,,,,,,0
2022200400,267,1,78,2,9:16 PM,2:32,Mendoza 7' Floating Jump Shot (4 PTS),,,38 - 53,15,4,1628150,Rigoberto Mendoza,1612709931.0,Mexico City,Capitanes,MXC,0,0,,,,,,0,0,,,,,,0
2022200400,268,1,1,2,9:16 PM,2:16,,,Drell 24' 3PT Jump Shot (14 PTS),41 - 53,12,5,1630929,Henri Drell,1612709923.0,Windy City,Bulls,WCB,0,0,,,,,,0,0,,,,,,0
2022200400,269,1,6,2,9:17 PM,1:59,Mendoza 1' Driving Layup (6 PTS),,,41 - 55,14,4,1628150,Rigoberto Mendoza,1612709931.0,Mexico City,Capitanes,MXC,0,0,,,,,,0,0,,,,,,0
2022200400,270,2,5,2,9:17 PM,1:46,,,MISS Simonovic 1' Layup,,,5,1630250,Marko Simonovic,1612709923.0,Windy City,Bulls,WCB,0,0,,,,,,0,0,,,,,,0
2022200400,271,4,0,2,9:17 PM,1:44,Faried REBOUND (Off:1 Def:7),,,,,4,202702,Kenneth Faried,1612709931.0,Mexico City,Capitanes,MXC,0,0,,,,,,0,0,,,,,,0
2022200400,272,6,2,2,9:17 PM,1:36,,,Matthews S.FOUL (P2.T4),,,5,1629666,Charles Matthews,1612709923.0,Windy City,Bulls,WCB,4,1628035,Alfonzo McKinnie,1612709931.0,Mexico City,Capitanes,MXC,1,0,,,,,,0
2022200400,274,9,1,2,9:18 PM,1:36,CAPITANES Timeout: Regular (Full 2 Short 0),,,,,2,1612709931,,,,,,0,0,,,,,,0,0,,,,,,0
2022200400,275,8,0,2,9:19 PM,1:36,SUB: Clark FOR Mays,,,,,4,1630219,Skylar Mays,1612709931.0,Mexico City,Capitanes,MXC,4,1629109,Gary Clark,1612709931.0,Mexico City,Capitanes,MXC,0,0,,,,,,0
2022200400,276,8,0,2,9:19 PM,1:36,,,SUB: Oturu FOR Matthews,,,5,1629666,Charles Matthews,1612709923.0,Windy City,Bulls,WCB,5,1630187,Daniel Oturu,1612709923.0,Windy City,Bulls,WCB,0,0,,,,,,0
2022200400,277,8,0,2,9:19 PM,1:36,,,SUB: Wheeler FOR Simonovic,,,5,1630250,Marko Simonovic,1612709923.0,Windy City,Bulls,WCB,5,1631290,Aaron Wheeler,1612709923.0,Windy City,Bulls,WCB,0,0,,,,,,0
2022200400,281,3,31,2,9:20 PM,1:36,McKinnie Free Throw 2PT (6 PTS),,,41 - 57,16,4,1628035,Alfonzo McKinnie,1612709931.0,Mexico City,Capitanes,MXC,0,0,,,,,,0,0,,,,,,0
2022200400,282,2,6,2,9:20 PM,1:24,,,MISS Oturu 2' Driving Layup,,,5,1630187,Daniel Oturu,1612709923.0,Windy City,Bulls,WCB,0,0,,,,,,0,0,,,,,,0
2022200400,283,4,0,2,9:20 PM,1:22,Faried REBOUND (Off:1 Def:8),,,,,4,202702,Kenneth Faried,1612709931.0,Mexico City,Capitanes,MXC,0,0,,,,,,0,0,,,,,,0
2022200400,284,1,1,2,9:21 PM,1:04,Perez 24' 3PT Jump Shot (15 PTS) (Clark 2 AST),,,41 - 60,19,4,1631358,Jassel Perez,1612709931.0,Mexico City,Capitanes,MXC,4,1629109,Gary Clark,1612709931.0,Mexico City,Capitanes,MXC,0,0,,,,,,0
2022200400,286,1,6,2,9:21 PM,0:54,,,Pargo 1' Driving Layup (6 PTS),43 - 60,17,5,202951,Jeremy Pargo,1612709923.0,Windy City,Bulls,WCB,0,0,,,,,,0,0,,,,,,0
2022200400,287,2,78,2,9:22 PM,0:30,MISS McKinnie 3' Floating Jump Shot,,,,,4,1628035,Alfonzo McKinnie,1612709931.0,Mexico City,Capitanes,MXC,0,0,,,,,,0,0,,,,,,0
2022200400,288,4,0,2,9:22 PM,0:28,,,Thompson REBOUND (Off:0 Def:4),,,5,1630679,Ethan Thompson,1612709923.0,Windy City,Bulls,WCB,0,0,,,,,,0,0,,,,,,0
2022200400,289,2,1,2,9:22 PM,0:21,,,MISS Pargo 25' 3PT Jump Shot,,,5,202951,Jeremy Pargo,1612709923.0,Windy City,Bulls,WCB,0,0,,,,,,0,0,,,,,,0
2022200400,290,4,0,2,9:22 PM,0:18,Perez REBOUND (Off:0 Def:3),,,,,4,1631358,Jassel Perez,1612709931.0,Mexico City,Capitanes,MXC,0,0,,,,,,0,0,,,,,,0
2022200400,291,2,1,2,9:22 PM,0:00,MISS McKinnie 26' 3PT Jump Shot,,,,,4,1628035,Alfonzo McKinnie,1612709931.0,Mexico City,Capitanes,MXC,0,0,,,,,,0,0,,,,,,0
2022200400,292,4,0,2,9:22 PM,0:00,Clark REBOUND (Off:1 Def:2),,,,,4,1629109,Gary Clark,1612709931.0,Mexico City,Capitanes,MXC,0,0,,,,,,0,0,,,,,,0
2022200400,293,13,0,2,9:22 PM,0:00,,End of 2nd Period (9:22 PM EST),,43 - 60,17,0,0,,,,,,0,0,,,,,,0,0,,,,,,0
2022200400,302,12,0,3,9:38 PM,12:00,,Start of 3rd Period (9:38 PM EST),,43 - 60,17,0,0,,,,,,0,0,,,,,,0,0,,,,,,0
2022200400,303,1,7,3,9:38 PM,11:33,Minaya 1' Dunk (12 PTS) (Clark 3 AST),,,43 - 62,19,4,1631303,Justin Minaya,1612709931.0,Mexico City,Capitanes,MXC,4,1629109,Gary Clark,1612709931.0,Mexico City,Capitanes,MXC,0,0,,,,,,0
2022200400,305,1,1,3,9:39 PM,11:18,,,Drell 27' 3PT Jump Shot (17 PTS) (Jones 4 AST),46 - 62,16,5,1630929,Henri Drell,1612709923.0,Windy City,Bulls,WCB,5,1626272,Lazeric Jones,1612709923.0,Windy City,Bulls,WCB,0,0,,,,,,0
2022200400,307,5,2,3,9:39 PM,11:04,Clark Lost Ball Turnover (P2.T4),,Drell STEAL (1 STL),,,4,1629109,Gary Clark,1612709931.0,Mexico City,Capitanes,MXC,5,1630929,Henri Drell,1612709923.0,Windy City,Bulls,WCB,0,0,,,,,,0
2022200400,309,5,11,3,9:39 PM,10:40,,,Bulls Turnover: Shot Clock (T#8),,,3,1612709923,,,,,,0,0,,,,,,1,0,,,,,,0
2022200400,310,6,2,3,9:40 PM,10:28,,,Simonovic S.FOUL (P1.T1),,,5,1630250,Marko Simonovic,1612709923.0,Windy City,Bulls,WCB,4,1630219,Skylar Mays,1612709931.0,Mexico City,Capitanes,MXC,1,0,,,,,,0
2022200400,312,3,31,3,9:40 PM,10:28,Mays Free Throw 2PT (6 PTS),,,46 - 64,18,4,1630219,Skylar Mays,1612709931.0,Mexico City,Capitanes,MXC,0,0,,,,,,0,0,,,,,,0
2022200400,313,2,1,3,9:41 PM,10:12,,,MISS Thompson 24' 3PT Jump Shot,,,5,1630679,Ethan Thompson,1612709923.0,Windy City,Bulls,WCB,0,0,,,,,,0,0,,,,,,0
2022200400,314,4,0,3,9:41 PM,10:10,,,Bulls Rebound,,,3,1612709923,,,,,,0,0,,,,,,0,0,,,,,,0
2022200400,315,5,1,3,9:41 PM,10:08,Minaya STEAL (2 STL),,Jones Bad Pass Turnover (P1.T9),,,5,1626272,Lazeric Jones,1612709923.0,Windy City,Bulls,WCB,4,1631303,Justin Minaya,1612709931.0,Mexico City,Capitanes,MXC,0,0,,,,,,0
2022200400,317,6,2,3,9:41 PM,10:06,,,Wheeler S.FOUL (P2.T2),,,5,1631290,Aaron Wheeler,1612709923.0,Windy City,Bulls,WCB,4,1631303,Justin Minaya,1612709931.0,Mexico City,Capitanes,MXC,1,0,,,,,,0
2022200400,319,3,31,3,9:42 PM,10:06,Minaya Free Throw 2PT (14 PTS),,,46 - 66,20,4,1631303,Justin Minaya,1612709931.0,Mexico City,Capitanes,MXC,0,0,,,,,,0,0,,,,,,0
2022200400,320,2,1,3,9:42 PM,9:49,,,MISS Jones 27' 3PT Jump Shot,,,5,1626272,Lazeric Jones,1612709923.0,Windy City,Bulls,WCB,0,0,,,,,,0,0,,,,,,0
2022200400,321,4,0,3,9:42 PM,9:47,Perez REBOUND (Off:0 Def:4),,,,,4,1631358,Jassel Perez,1612709931.0,Mexico City,Capitanes,MXC,0,0,,,,,,0,0,,,,,,0
2022200400,322,1,1,3,9:42 PM,9:43,Clark 25' 3PT Jump Shot (15 PTS) (Perez 1 AST),,,46 - 69,23,4,1629109,Gary Clark,1612709931.0,Mexico City,Capitanes,MXC,4,1631358,Jassel Perez,1612709931.0,Mexico City,Capitanes,MXC,0,0,,,,,,0
2022200400,324,9,1,3,9:42 PM,9:42,,,Bulls Timeout: Regular (Reg.3 Short 0),,,3,1612709923,,,,,,0,0,,,,,,0,0,,,,,,0
2022200400,325,1,1,3,9:45 PM,9:17,,,Simonovic 27' 3PT Jump Shot (6 PTS) (Thompson 2 AST),49 - 69,20,5,1630250,Marko Simonovic,1612709923.0,Windy City,Bulls,WCB,5,1630679,Ethan Thompson,1612709923.0,Windy City,Bulls,WCB,0,0,,,,,,0
2022200400,327,1,1,3,9:45 PM,8:57,Clark 27' 3PT Jump Shot (18 PTS) (Mays 6 AST),,,49 - 72,23,4,1629109,Gary Clark,1612709931.0,Mexico City,Capitanes,MXC,4,1630219,Skylar Mays,1612709931.0,Mexico City,Capitanes,MXC,0,0,,,,,,0
2022200400,329,5,2,3,9:45 PM,8:41,Minaya STEAL (3 STL),,Drell Lost Ball Turnover (P2.T10),,,5,1630929,Henri Drell,1612709923.0,Windy City,Bulls,WCB,4,1631303,Justin Minaya,1612709931.0,Mexico City,Capitanes,MXC,0,0,,,,,,0
2022200400,331,5,2,3,9:46 PM,8:33,Minaya Lost Ball Turnover (P1.T5),,Drell STEAL (2 STL),,,4,1631303,Justin Minaya,1612709931.0,Mexico City,Capitanes,MXC,5,1630929,Henri Drell,1612709923.0,Windy City,Bulls,WCB,0,0,,,,,,0
2022200400,333,2,5,3,9:46 PM,8:27,,,MISS Thompson 3' Layup,,,5,1630679,Ethan Thompson,1612709923.0,Windy City,Bulls,WCB,0,0,,,,,,0,0,,,,,,0
2022200400,335,1,107,3,9:46 PM,8:21,,,Drell Tip Dunk Shot (19 PTS),51 - 72,21,5,1630929,Henri Drell,1612709923.0,Windy City,Bulls,WCB,0,0,,,,,,0,0,,,,,,0
2022200400,334,4,0,3,9:46 PM,8:21,,,Drell REBOUND (Off:1 Def:2),,,5,1630929,Henri Drell,1612709923.0,Windy City,Bulls,WCB,0,0,,,,,,0,0,,,,,,0
2022200400,336,2,6,3,9:46 PM,8:09,MISS Mays 1' Driving Layup,,,,,4,1630219,Skylar Mays,1612709931.0,Mexico City,Capitanes,MXC,0,0,,,,,,0,0,,,,,,0
2022200400,337,4,0,3,9:46 PM,8:07,,,Drell REBOUND (Off:1 Def:3),,,5,1630929,Henri Drell,1612709923.0,Windy City,Bulls,WCB,0,0,,,,,,0,0,,,,,,0
2022200400,338,6,2,3,9:46 PM,8:04,Perez S.FOUL (P2.T1),,,,,4,1631358,Jassel Perez,1612709931.0,Mexico City,Capitanes,MXC,5,1631290,Aaron Wheeler,1612709923.0,Windy City,Bulls,WCB,1,0,,,,,,0
2022200400,340,3,31,3,9:47 PM,8:04,,,Wheeler Free Throw 2PT (9 PTS),53 - 72,19,5,1631290,Aaron Wheeler,1612709923.0,Windy City,Bulls,WCB,0,0,,,,,,0,0,,,,,,0
2022200400,341,5,2,3,9:47 PM,7:45,Clark Lost Ball Turnover (P3.T6),,Simonovic STEAL (1 STL),,,4,1629109,Gary Clark,1612709931.0,Mexico City,Capitanes,MXC,5,1630250,Marko Simonovic,1612709923.0,Windy City,Bulls,WCB,0,0,,,,,,0
2022200400,343,1,1,3,9:47 PM,7:39,,,Drell 27' 3PT Jump Shot (22 PTS) (Thompson 3 AST),56 - 72,16,5,1630929,Henri Drell,1612709923.0,Windy City,Bulls,WCB,5,1630679,Ethan Thompson,1612709923.0,Windy City,Bulls,WCB,0,0,,,,,,0
2022200400,345,9,1,3,9:47 PM,7:38,CAPITANES Timeout: Regular (Full 3 Short 0),,,,,2,1612709931,,,,,,0,0,,,,,,0,0,,,,,,0
2022200400,346,8,0,3,9:47 PM,7:38,,,SUB: Pargo FOR Jones,,,5,1626272,Lazeric Jones,1612709923.0,Windy City,Bulls,WCB,5,202951,Jeremy Pargo,1612709923.0,Windy City,Bulls,WCB,0,0,,,,,,0
2022200400,348,2,5,3,9:50 PM,7:16,MISS Faried Layup,,,,,4,202702,Kenneth Faried,1612709931.0,Mexico City,Capitanes,MXC,0,0,,,,,,0,0,,,,,,0
2022200400,349,4,0,3,9:50 PM,7:16,Faried REBOUND (Off:2 Def:8),,,,,4,202702,Kenneth Faried,1612709931.0,Mexico City,Capitanes,MXC,0,0,,,,,,0,0,,,,,,0
2022200400,350,2,97,3,9:50 PM,7:16,MISS Faried Tip Layup Shot,,,,,4,202702,Kenneth Faried,1612709931.0,Mexico City,Capitanes,MXC,0,0,,,,,,0,0,,,,,,0
2022200400,351,4,0,3,9:50 PM,7:16,Faried REBOUND (Off:3 Def:8),,,,,4,202702,Kenneth Faried,1612709931.0,Mexico City,Capitanes,MXC,0,0,,,,,,0,0,,,,,,0
2022200400,353,6,1,3,9:50 PM,7:16,Faried P.FOUL (P2.T2),,,,,4,202702,Kenneth Faried,1612709931.0,Mexico City,Capitanes,MXC,5,1630929,Henri Drell,1612709923.0,Windy City,Bulls,WCB,1,0,,,,,,0
2022200400,355,5,0,3,9:50 PM,7:16,Faried Turnover Turnover (P2.T7),,,,,4,202702,Kenneth Faried,1612709931.0,Mexico City,Capitanes,MXC,0,0,,,,,,1,0,,,,,,0
2022200400,356,8,0,3,9:50 PM,7:16,SUB: Mendoza FOR Perez,,,,,4,1631358,Jassel Perez,1612709931.0,Mexico City,Capitanes,MXC,4,1628150,Rigoberto Mendoza,1612709931.0,Mexico City,Capitanes,MXC,0,0,,,,,,0
2022200400,358,1,1,3,9:50 PM,7:02,,,Pargo 26' 3PT Jump Shot (9 PTS) (Simonovic 1 AST),59 - 72,13,5,202951,Jeremy Pargo,1612709923.0,Windy City,Bulls,WCB,5,1630250,Marko Simonovic,1612709923.0,Windy City,Bulls,WCB,0,0,,,,,,0
2022200400,360,6,17,3,9:51 PM,6:41,,,Bulls T.Foul (Def. 3 Sec Simonovic ),,,5,1630250,Marko Simonovic,1612709923.0,Windy City,Bulls,WCB,0,0,,,,,,1,0,,,,,,0
2022200400,361,3,38,3,9:51 PM,6:41,Clark Free Technical 1PT (19 PTS),,,59 - 73,14,4,1629109,Gary Clark,1612709931.0,Mexico City,Capitanes,MXC,0,0,,,,,,0,0,,,,,,0
2022200400,362,2,1,3,9:51 PM,6:32,MISS Mays 17' Jump Shot,,,,,4,1630219,Skylar Mays,1612709931.0,Mexico City,Capitanes,MXC,0,0,,,,,,0,0,,,,,,0
2022200400,363,4,0,3,9:51 PM,6:30,,,Simonovic REBOUND (Off:0 Def:5),,,5,1630250,Marko Simonovic,1612709923.0,Windy City,Bulls,WCB,0,0,,,,,,0,0,,,,,,0
2022200400,364,2,5,3,9:52 PM,6:19,,,MISS Pargo 3' Layup,,,5,202951,Jeremy Pargo,1612709923.0,Windy City,Bulls,WCB,0,0,,,,,,0,0,,,,,,0
2022200400,365,4,0,3,9:52 PM,6:17,Faried REBOUND (Off:3 Def:9),,,,,4,202702,Kenneth Faried,1612709931.0,Mexico City,Capitanes,MXC,0,0,,,,,,0,0,,,,,,0
2022200400,366,2,1,3,9:52 PM,6:02,MISS Clark 25' 3PT Jump Shot,,,,,4,1629109,Gary Clark,1612709931.0,Mexico City,Capitanes,MXC,0,0,,,,,,0,0,,,,,,0
2022200400,367,4,0,3,9:52 PM,6:02,,,Bulls Rebound,,,3,1612709923,,,,,,0,0,,,,,,0,0,,,,,,0
2022200400,368,8,0,3,9:52 PM,6:02,SUB: McKinnie FOR Mays,,,,,4,1630219,Skylar Mays,1612709931.0,Mexico City,Capitanes,MXC,4,1628035,Alfonzo McKinnie,1612709931.0,Mexico City,Capitanes,MXC,0,0,,,,,,0
2022200400,369,8,0,3,9:52 PM,6:02,,,SUB: Jones FOR Thompson,,,5,1630679,Ethan Thompson,1612709923.0,Windy City,Bulls,WCB,5,1626272,Lazeric Jones,1612709923.0,Windy City,Bulls,WCB,0,0,,,,,,0
2022200400,372,5,40,3,9:53 PM,5:41,,,Simonovic Out of Bounds Lost Ball Turnover (P3.T11),,,5,1630250,Marko Simonovic,1612709923.0,Windy City,Bulls,WCB,0,0,,,,,,1,0,,,,,,0
2022200400,373,2,78,3,9:53 PM,5:29,MISS Minaya 4' Floating Jump Shot,,,,,4,1631303,Justin Minaya,1612709931.0,Mexico City,Capitanes,MXC,0,0,,,,,,0,0,,,,,,0
2022200400,374,4,0,3,9:53 PM,5:29,CAPITANES Rebound,,,,,2,1612709931,,,,,,0,0,,,,,,0,0,,,,,,0
2022200400,375,6,1,3,9:53 PM,5:29,Faried P.FOUL (P3.T3),,,,,4,202702,Kenneth Faried,1612709931.0,Mexico City,Capitanes,MXC,5,1626272,Lazeric Jones,1612709923.0,Windy City,Bulls,WCB,1,0,,,,,,0
2022200400,377,5,0,3,9:53 PM,5:29,Faried Turnover Turnover (P3.T8),,,,,4,202702,Kenneth Faried,1612709931.0,Mexico City,Capitanes,MXC,0,0,,,,,,1,0,,,,,,0
2022200400,378,8,0,3,9:53 PM,5:29,SUB: Labissiere FOR Faried,,,,,4,202702,Kenneth Faried,1612709931.0,Mexico City,Capitanes,MXC,4,1627746,Skal Labissiere,1612709931.0,Mexico City,Capitanes,MXC,0,0,,,,,,0
2022200400,379,8,0,3,9:53 PM,5:29,,,SUB: Oturu FOR Simonovic,,,5,1630250,Marko Simonovic,1612709923.0,Windy City,Bulls,WCB,5,1630187,Daniel Oturu,1612709923.0,Windy City,Bulls,WCB,0,0,,,,,,0
2022200400,382,5,1,3,9:54 PM,5:16,McKinnie STEAL (1 STL),,Jones Bad Pass Turnover (P2.T12),,,5,1626272,Lazeric Jones,1612709923.0,Windy City,Bulls,WCB,4,1628035,Alfonzo McKinnie,1612709931.0,Mexico City,Capitanes,MXC,0,0,,,,,,0
2022200400,384,1,5,3,9:54 PM,5:06,Mendoza 2' Layup (8 PTS) (Clark 4 AST),,,59 - 75,16,4,1628150,Rigoberto Mendoza,1612709931.0,Mexico City,Capitanes,MXC,4,1629109,Gary Clark,1612709931.0,Mexico City,Capitanes,MXC,0,0,,,,,,0
2022200400,386,9,1,3,9:54 PM,5:05,,,Bulls Timeout: Regular (Reg.4 Short 0),,,3,1612709923,,,,,,0,0,,,,,,0,0,,,,,,0
2022200400,387,2,6,3,9:55 PM,4:50,Minaya BLOCK (1 BLK),,MISS Jones 5' Driving Layup,,,5,1626272,Lazeric Jones,1612709923.0,Windy City,Bulls,WCB,0,0,,,,,,4,1631303,Justin Minaya,1612709931.0,Mexico City,Capitanes,MXC,0
2022200400,389,4,0,3,9:55 PM,4:48,Clark REBOUND (Off:1 Def:3),,,,,4,1629109,Gary Clark,1612709931.0,Mexico City,Capitanes,MXC,0,0,,,,,,0,0,,,,,,0
2022200400,390,1,5,3,9:56 PM,4:42,Clark 1' Layup (21 PTS) (Minaya 1 AST),,,59 - 77,18,4,1629109,Gary Clark,1612709931.0,Mexico City,Capitanes,MXC,4,1631303,Justin Minaya,1612709931.0,Mexico City,Capitanes,MXC,0,0,,,,,,0
2022200400,392,2,1,3,9:56 PM,4:32,,,MISS Drell 27' 3PT Jump Shot,,,5,1630929,Henri Drell,1612709923.0,Windy City,Bulls,WCB,0,0,,,,,,0,0,,,,,,0
2022200400,393,4,0,3,9:56 PM,4:30,Clark REBOUND (Off:1 Def:4),,,,,4,1629109,Gary Clark,1612709931.0,Mexico City,Capitanes,MXC,0,0,,,,,,0,0,,,,,,0
2022200400,394,6,2,3,9:56 PM,4:24,,,Wheeler S.FOUL (P3.T3),,,5,1631290,Aaron Wheeler,1612709923.0,Windy City,Bulls,WCB,4,1628035,Alfonzo McKinnie,1612709931.0,Mexico City,Capitanes,MXC,1,0,,,,,,0
2022200400,396,3,31,3,9:56 PM,4:24,McKinnie Free Throw 2PT (8 PTS),,,59 - 79,20,4,1628035,Alfonzo McKinnie,1612709931.0,Mexico City,Capitanes,MXC,0,0,,,,,,0,0,,,,,,0
2022200400,397,6,1,3,9:57 PM,4:06,Labissiere P.FOUL (P2.T4),,,,,4,1627746,Skal Labissiere,1612709931.0,Mexico City,Capitanes,MXC,5,1630187,Daniel Oturu,1612709923.0,Windy City,Bulls,WCB,1,0,,,,,,0
2022200400,399,8,0,3,9:57 PM,4:06,,,SUB: Thompson FOR Wheeler,,,5,1631290,Aaron Wheeler,1612709923.0,Windy City,Bulls,WCB,5,1630679,Ethan Thompson,1612709923.0,Windy City,Bulls,WCB,0,0,,,,,,0
2022200400,402,1,1,3,9:57 PM,3:47,,,Jones 26' 3PT Jump Shot (3 PTS) (Drell 1 AST),62 - 79,17,5,1626272,Lazeric Jones,1612709923.0,Windy City,Bulls,WCB,5,1630929,Henri Drell,1612709923.0,Windy City,Bulls,WCB,0,0,,,,,,0
2022200400,404,2,1,3,9:58 PM,3:29,MISS Labissiere 6' Jump Shot,,,,,4,1627746,Skal Labissiere,1612709931.0,Mexico City,Capitanes,MXC,0,0,,,,,,0,0,,,,,,0
2022200400,405,4,0,3,9:58 PM,3:27,,,Pargo REBOUND (Off:0 Def:1),,,5,202951,Jeremy Pargo,1612709923.0,Windy City,Bulls,WCB,0,0,,,,,,0,0,,,,,,0
2022200400,406,1,5,3,9:58 PM,3:25,,,Thompson 2' Layup (9 PTS) (Pargo 3 AST),64 - 79,15,5,1630679,Ethan Thompson,1612709923.0,Windy City,Bulls,WCB,5,202951,Jeremy Pargo,1612709923.0,Windy City,Bulls,WCB,0,0,,,,,,0
2022200400,408,2,1,3,9:58 PM,3:01,MISS Mendoza 27' 3PT Jump Shot,,,,,4,1628150,Rigoberto Mendoza,1612709931.0,Mexico City,Capitanes,MXC,0,0,,,,,,0,0,,,,,,0
2022200400,409,4,0,3,9:58 PM,2:58,,,Drell REBOUND (Off:1 Def:4),,,5,1630929,Henri Drell,1612709923.0,Windy City,Bulls,WCB,0,0,,,,,,0,0,,,,,,0
2022200400,410,2,5,3,9:58 PM,2:48,Clark BLOCK (1 BLK),,MISS Oturu 2' Layup,,,5,1630187,Daniel Oturu,1612709923.0,Windy City,Bulls,WCB,0,0,,,,,,4,1629109,Gary Clark,1612709931.0,Mexico City,Capitanes,MXC,0
2022200400,412,4,0,3,9:59 PM,2:46,Clark REBOUND (Off:1 Def:5),,,,,4,1629109,Gary Clark,1612709931.0,Mexico City,Capitanes,MXC,0,0,,,,,,0,0,,,,,,0
2022200400,413,2,7,3,9:59 PM,2:44,MISS McKinnie 1' Dunk,,Drell BLOCK (1 BLK),,,4,1628035,Alfonzo McKinnie,1612709931.0,Mexico City,Capitanes,MXC,0,0,,,,,,5,1630929,Henri Drell,1612709923.0,Windy City,Bulls,WCB,0
2022200400,415,4,0,3,9:59 PM,2:38,,,Thompson REBOUND (Off:0 Def:5),,,5,1630679,Ethan Thompson,1612709923.0,Windy City,Bulls,WCB,0,0,,,,,,0,0,,,,,,0
2022200400,416,1,5,3,9:59 PM,2:36,,,Oturu 2' Layup (4 PTS) (Pargo 4 AST),66 - 79,13,5,1630187,Daniel Oturu,1612709923.0,Windy City,Bulls,WCB,5,202951,Jeremy Pargo,1612709923.0,Windy City,Bulls,WCB,0,0,,,,,,0
2022200400,418,1,78,3,9:59 PM,2:07,Mendoza 11' Floating Jump Shot (10 PTS),,,66 - 81,15,4,1628150,Rigoberto Mendoza,1612709931.0,Mexico City,Capitanes,MXC,0,0,,,,,,0,0,,,,,,0
2022200400,419,1,1,3,10:00 PM,1:55,,,Pargo 27' 3PT Jump Shot (12 PTS) (Thompson 4 AST),69 - 81,12,5,202951,Jeremy Pargo,1612709923.0,Windy City,Bulls,WCB,5,1630679,Ethan Thompson,1612709923.0,Windy City,Bulls,WCB,0,0,,,,,,0
2022200400,421,5,4,3,10:00 PM,1:37,Minaya Traveling Turnover (P2.T9),,,,,4,1631303,Justin Minaya,1612709931.0,Mexico City,Capitanes,MXC,0,0,,,,,,1,0,,,,,,0
2022200400,422,8,0,3,10:00 PM,1:37,SUB: Bonilla FOR Minaya,,,,,4,1631303,Justin Minaya,1612709931.0,Mexico City,Capitanes,MXC,4,1641566,Gael Bonilla,1612709931.0,Mexico City,Capitanes,MXC,0,0,,,,,,0
2022200400,423,8,0,3,10:00 PM,1:37,SUB: Perez FOR Clark,,,,,4,1629109,Gary Clark,1612709931.0,Mexico City,Capitanes,MXC,4,1631358,Jassel Perez,1612709931.0,Mexico City,Capitanes,MXC,0,0,,,,,,0
2022200400,424,8,0,3,10:00 PM,1:37,,,SUB: Matthews FOR Jones,,,5,1626272,Lazeric Jones,1612709923.0,Windy City,Bulls,WCB,5,1629666,Charles Matthews,1612709923.0,Windy City,Bulls,WCB,0,0,,,,,,0
2022200400,428,8,0,3,10:00 PM,1:37,SUB: Mays FOR Mendoza,,,,,4,1628150,Rigoberto Mendoza,1612709931.0,Mexico City,Capitanes,MXC,4,1630219,Skylar Mays,1612709931.0,Mexico City,Capitanes,MXC,0,0,,,,,,0
2022200400,430,1,7,3,10:00 PM,1:26,,,Pargo 2' Dunk (14 PTS),71 - 81,10,5,202951,Jeremy Pargo,1612709923.0,Windy City,Bulls,WCB,0,0,,,,,,0,0,,,,,,0
2022200400,431,2,1,3,10:01 PM,1:12,MISS Perez 26' 3PT Jump Shot,,,,,4,1631358,Jassel Perez,1612709931.0,Mexico City,Capitanes,MXC,0,0,,,,,,0,0,,,,,,0
2022200400,432,4,0,3,10:01 PM,1:12,CAPITANES Rebound,,,,,2,1612709931,,,,,,0,0,,,,,,0,0,,,,,,0
2022200400,433,8,0,3,10:01 PM,1:12,,,SUB: Wheeler FOR Drell,,,5,1630929,Henri Drell,1612709923.0,Windy City,Bulls,WCB,5,1631290,Aaron Wheeler,1612709923.0,Windy City,Bulls,WCB,0,0,,,,,,0
2022200400,435,2,78,3,10:01 PM,1:03,MISS Bonilla 5' Floating Jump Shot,,,,,4,1641566,Gael Bonilla,1612709931.0,Mexico City,Capitanes,MXC,0,0,,,,,,0,0,,,,,,0
2022200400,436,4,0,3,10:01 PM,1:01,,,Thompson REBOUND (Off:0 Def:6),,,5,1630679,Ethan Thompson,1612709923.0,Windy City,Bulls,WCB,0,0,,,,,,0,0,,,,,,0
2022200400,437,1,6,3,10:02 PM,0:47,,,Pargo 2' Driving Layup (16 PTS),73 - 81,8,5,202951,Jeremy Pargo,1612709923.0,Windy City,Bulls,WCB,0,0,,,,,,0,0,,,,,,0
2022200400,438,1,1,3,10:02 PM,0:31,Mays 26' 3PT Jump Shot (9 PTS) (Bonilla 1 AST),,,73 - 84,11,4,1630219,Skylar Mays,1612709931.0,Mexico City,Capitanes,MXC,4,1641566,Gael Bonilla,1612709931.0,Mexico City,Capitanes,MXC,0,0,,,,,,0
2022200400,440,1,1,3,10:03 PM,0:14,,,Pargo 28' 3PT Jump Shot (19 PTS),76 - 84,8,5,202951,Jeremy Pargo,1612709923.0,Windy City,Bulls,WCB,0,0,,,,,,0,0,,,,,,0
2022200400,441,5,1,3,10:03 PM,0:02,Mays Bad Pass Turnover (P1.T10),,Matthews STEAL (1 STL),,,4,1630219,Skylar Mays,1612709931.0,Mexico City,Capitanes,MXC,5,1629666,Charles Matthews,1612709923.0,Windy City,Bulls,WCB,0,0,,,,,,0
2022200400,443,13,0,3,10:03 PM,0:00,,End of 3rd Period (10:03 PM EST),,76 - 84,8,0,0,,,,,,0,0,,,,,,0,0,,,,,,0